time: 53.121246099472046
num_music: 3
num_noise: 14
noise_gains: [-3, -5]
SNRs: [0.25, 0.75]
tf_types: ['lowpass']
model type: CNN_LSTM
training loss: [0.019123618714284595]
pm-train: -1.5786279165261985
pm-val: -2.0411016027693996
pm-test: -1.8601625894463398
