time: 270.2412676811218
num_music: 8
num_noise: 13
noise_gains: [-12, -9, -6, -3, 0, 3, 6, 9]
SNRs: [1.0, 0.85, 0.7, 0.5499999999999999, 0.3999999999999999, 0.2499999999999999, 0.09999999999999987]
tf_types: ['lowpass']
model type: CNN_LSTM
training loss: [0.0008807106168966554, 0.0008492617541962194, 0.0008535987960261492, 0.0008526872685110579, 0.000847343654080141, 0.0008529315336332493, 0.000847669180485672, 0.0008428469065726047, 0.0008435879638289099, 0.0008406959194613838, 0.0008494347373506424, 0.0008397258417597094, 0.0008388207917720786, 0.0008425509535805768, 0.0008430889040804358, 0.0008354640985402726, 0.0008337066865976191, 0.0008354990318941466, 0.0008342045350936915, 0.0008389163888741105, 0.0008328625606411027, 0.0008341043491528742, 0.0008319575418752427, 0.0008320806587597726, 0.0008298529033303163, 0.0008282347232749105, 0.0008285440990392146, 0.0008289729349333443, 0.0008312315711308384, 0.0008261223085291641, 0.0008235252071674594, 0.0008241166385425253, 0.0008281767170324934, 0.0008204624122305668, 0.0008289910743252137, 0.0008225166411706394, 0.0008186675126885939, 0.0008200875724850866, 0.0008168357238630389, 0.0008188877120699341, 0.0008292613599757045, 0.0008220477349513978, 0.0008208063175217938, 0.0008278968169803953, 0.00081440354952511, 0.0008162367170583685, 0.0008118202349358373, 0.0008114283651613058, 0.0008115410763627178, 0.0008235635928876655, 0.0008069331167556668, 0.0008090098041246051, 0.0008118090369812505, 0.000817395291326968, 0.0008051553993917642, 0.0008051186285224589, 0.0008032318988993142, 0.0008206608226234953, 0.0008090569997908439, 0.0008081285112391996, 0.0008020479031035087, 0.0008001001819036139, 0.0008063520887411235, 0.0007990728955234623, 0.0007993070474191465, 0.0008042517156992793, 0.0008122286469182905, 0.0008038485928370829, 0.0007992411821239909, 0.0007993405232493837, 0.0007976679710133682, 0.0007987268563003591, 0.0007975865228563085, 0.0007973821363118663, 0.0007991407785445866, 0.0008004232133850638, 0.0007924800753922415, 0.0007930671447432635, 0.0007947687438871172, 0.0007922762327158149, 0.000793152911404265, 0.0007971065143277093, 0.0007888641218309849, 0.0007879147296946554, 0.0007874887368092748, 0.0007902989400061836, 0.0007912766389420845, 0.0007862396101152809, 0.0007871893868885953, 0.0007879950393993447, 0.0007871749400422403, 0.0007878827398684018, 0.0007889738248528658, 0.0007892227669963073, 0.0007872716225957832, 0.0007845182604600393, 0.0007852275667747121, 0.0007854800590619335, 0.0007870570052101391]
pm-train: -3.7077384311597825
pm-val: -4.406288392890371
pm-test: -4.237998615245634
