time: 40.76740527153015
num_music: 3
num_noise: 27
noise_gains: [0]
SNRs: [0.5]
tf_types: ['bandpass', 'lowpass', 'highpass']
model type: CNN_LSTM
training loss: [0.002715961692470881, 0.002040947449140388, 0.0020484329838344546, 0.0020495599199985637, 0.002039858499286456, 0.002041374127818951, 0.002056287044439683, 0.002027327306837489, 0.002031095345364921, 0.0020506445814369198, 0.002072108666014461, 0.0019905917516759423, 0.0019872981260299874, 0.0019892213646540567, 0.001978846734394144, 0.001935258666060883, 0.0018975045188436913, 0.0018990760073125505, 0.0018691553972488225, 0.0018220531971529187, 0.001784548641398322, 0.0017278079188457946, 0.001738254633622353, 0.001751435226025157, 0.0017397846211025785, 0.0016551637467902092, 0.0015787592870216897, 0.001478349246269909, 0.0014685258842891183, 0.0014403313428235226, 0.0013992085630177209, 0.0013315844070987885, 0.0013349106551746224, 0.0012655424397758418, 0.001224955370606378, 0.0011880746411507667, 0.0011539033867281345, 0.0011635977482093078, 0.0011533815697516644, 0.001141646602090206, 0.00113048544713709, 0.0010234220065445353, 0.001073536206912115, 0.000966162912983749, 0.0009528971534840757, 0.000936436758891238, 0.0009414069474030229, 0.0009190923830833355, 0.0009104451560433998, 0.0008558971283071597, 0.000835077563015432, 0.0008814216120155123, 0.0007787716941670504, 0.0007986208205891783, 0.0007444858288134014, 0.0007448278109109106, 0.0007290792484926814, 0.0007266308051782698, 0.0007138591313491177, 0.0007306617149170533, 0.0007066619698236059, 0.0006364759411767376, 0.0006508417591846936, 0.0006381074405770447, 0.0006200814374693413, 0.0006596088183874976, 0.0005811067177064914, 0.000673277368552463, 0.0006334630730647799, 0.0005582267502151017, 0.0005630862674322622, 0.0005473189549587828, 0.0005830395966768265, 0.0005468553658081898, 0.0005861851453942447, 0.0005723827136882133, 0.0005534797699251171, 0.0005043733823199031, 0.0005886121111553769, 0.0005351664056312876, 0.0005307976692711819, 0.0005375462484866404, 0.0005025000781203234, 0.0004918903628485195, 0.0004987680094067153, 0.0004915948344787408, 0.0004736538976430893, 0.0004919966307125908, 0.0004616274965931486, 0.0004573723823339966, 0.0004571250982660242, 0.00047593187755862524, 0.0004419478189734908, 0.0004630634302023945, 0.0004465774033269408, 0.00042149523323896224, 0.00045285221792715685, 0.0004717313640458926, 0.0004646343028930157]
