time: 261.89729475975037
num_music: 3
num_noise: 14
noise_gains: [-3, -5]
SNRs: [0.25, 0.75]
tf_types: ['lowpass']
model type: CNN_LSTM
training loss: [0.014475440454239456, 0.014241627730795653, 0.01409996389117989, 0.014155848471161265, 0.014096475867637346, 0.014027102267265947, 0.014026721919824488, 0.013963749277863362, 0.013914226431753825, 0.013803341352492593, 0.013704072148053125, 0.01357898505596832, 0.013559968436837403, 0.01343484335533258, 0.01342199058108144, 0.013264616766485887, 0.013100028003869809, 0.013054002003307204, 0.012882853787173947, 0.012800130942277683, 0.012775412581394458, 0.01267558082466233, 0.012615892231704867, 0.01267474563450347, 0.012318843271366238, 0.01242299638585964, 0.012283542252512549, 0.012271654329528715, 0.012110194929248672, 0.01201669240455353, 0.012063469372502163, 0.012014333724923026, 0.01197020298982983, 0.011982247822802437, 0.011886141194458324, 0.011764472447948442, 0.01169007248040429, 0.011516833844163377, 0.011548746008858673, 0.01152532272788566, 0.011271311406598393, 0.011321175376510959, 0.011350015448278539, 0.011286642754851481, 0.01125417998775906, 0.011309021724147522, 0.01132741228903773, 0.011076132876027748, 0.011212027907370801, 0.011145878259101929, 0.011045972305444686, 0.011042362899961584, 0.01114447157546319, 0.01096561984004252, 0.011010453221838162, 0.010849182735635367, 0.010866585138586328, 0.010817111863128828, 0.01071362496064965, 0.010688321819999819, 0.010801084006527762, 0.010618106563041685, 0.010567431026010566, 0.010587074427304204, 0.010577643774914677, 0.010540364385616213, 0.010512904510993524, 0.010491031815732063, 0.010428367789079096, 0.010477928173257406, 0.010510998975775725, 0.010352317936456383, 0.01033508351026229, 0.010226250291424618, 0.010438234419785123, 0.01030640391415834, 0.010361280784033927, 0.01025681423710405, 0.010246152215114185, 0.010294417047015976, 0.00944232844407312, 0.009199254458765566, 0.009174772117673561, 0.009064133656351598, 0.009126461436855022, 0.008958530974945908, 0.008883867571880998, 0.009035358420628255, 0.008981996732391345, 0.008964821738244049, 0.008853303578512684, 0.008871132916566394, 0.008827760285653958, 0.008932502237665185, 0.008649765101501198, 0.00884399573950642, 0.008721735892692458, 0.008641255472226564, 0.008735145629050802]
